Calculating sneaky path from 1 to 5.
Following matrix shows the shortest distances between every pair of vertices
0   0   0   26   0   134   0   381   0   95   0   0   0   0   213   159   0   0   0   0   
0   0   0   0   0   0   0   0   16   0   0   809   0   0   0   0   0   0   0   96   
0   239   0   0   0   100   0   0   0   0   98   0   0   0   0   0   0   0   90   0   
0   0   0   0   0   0   199   0   0   0   0   0   0   0   0   0   0   0   142   0   
0   0   0   0   0   0   0   0   0   0   137   0   0   0   0   0   0   0   0   0   
0   0   0   0   0   0   420   0   0   0   0   0   0   0   0   0   0   0   0   0   
0   0   0   0   0   0   0   0   0   0   0   0   101   0   0   0   0   458   0   0   
0   0   0   0   0   0   0   0   0   0   0   0   0   0   0   0   100   0   0   0   
0   0   0   0   0   0   0   0   0   0   0   0   0   492   0   0   0   0   0   0   
0   0   0   0   0   192   0   0   0   0   0   0   0   0   0   0   0   0   441   0   
0   115   0   0   0   201   0   0   0   120   0   0   0   106   0   0   0   0   0   0   
0   0   0   0   339   0   0   0   0   0   0   0   0   113   0   0   740   0   0   0   
0   0   0   94   0   0   0   0   0   0   0   0   0   0   0   0   0   0   48   0   
0   0   0   0   0   0   0   0   0   0   0   304   0   0   137   0   0   0   0   0   
0   0   0   0   0   0   0   0   0   24   202   0   0   0   0   0   0   0   0   10   
0   0   145   10   0   0   0   0   10   0   0   0   0   94   0   0   0   8   0   0   
1116   0   0   0   0   0   0   0   0   0   0   186   101   0   0   0   0   114   0   0   
0   74   7   90   0   0   0   0   0   0   0   0   0   0   0   0   0   0   0   13   
0   258   0   0   0   0   0   0   0   0   0   0   0   10   0   0   380   0   0   0   
0   0   0   47   27   0   0   0   0   0   0   0   0   0   0   0   0   0   0   0   
Following matrix shows the shortest path between every pair of vertices
                   1             1, 5, 2       1, 5, 2, 6, 3             1, 5, 4                1, 5          1, 5, 2, 6                1, 7    1, 5, 2, 6, 9, 8       1, 5, 2, 6, 9            1, 7, 10      1, 5, 2, 6, 11               1, 12               1, 13               1, 14         1, 5, 4, 15            1, 5, 16         1, 5, 2, 17               1, 18            1, 5, 19               1, 20
             2, 7, 1                   2             2, 6, 3                2, 4             2, 4, 5                2, 6                2, 7          2, 6, 9, 8             2, 6, 9            2, 7, 10            2, 6, 11         2, 7, 1, 12               2, 13            2, 6, 14            2, 4, 15               2, 16               2, 17               2, 18         2, 4, 5, 19            2, 4, 20
          3, 5, 7, 1             3, 5, 2                   3             3, 5, 4                3, 5          3, 5, 2, 6             3, 5, 7    3, 5, 2, 6, 9, 8       3, 5, 2, 6, 9         3, 5, 7, 10      3, 5, 2, 6, 11      3, 5, 7, 1, 12               3, 13      3, 5, 2, 6, 14         3, 5, 4, 15            3, 5, 16               3, 17         3, 5, 2, 18            3, 5, 19         3, 5, 4, 20
          4, 5, 7, 1             4, 5, 2       4, 5, 2, 6, 3                   4                4, 5          4, 5, 2, 6             4, 5, 7    4, 5, 2, 6, 9, 8       4, 5, 2, 6, 9         4, 5, 7, 10      4, 5, 2, 6, 11      4, 5, 7, 1, 12         4, 5, 2, 13      4, 5, 2, 6, 14               4, 15            4, 5, 16               4, 17         4, 5, 2, 18            4, 5, 19               4, 20
             5, 7, 1                5, 2          5, 2, 6, 3                5, 4                   5             5, 2, 6                5, 7       5, 2, 6, 9, 8          5, 2, 6, 9            5, 7, 10         5, 2, 6, 11         5, 7, 1, 12            5, 2, 13         5, 2, 6, 14            5, 4, 15               5, 16            5, 2, 17            5, 2, 18               5, 19            5, 4, 20
       6, 3, 5, 7, 1          6, 3, 5, 2                6, 3          6, 3, 5, 4             6, 3, 5                   6          6, 3, 5, 7             6, 9, 8                6, 9      6, 3, 5, 7, 10               6, 11   6, 3, 5, 7, 1, 12            6, 3, 13               6, 14               6, 15         6, 3, 5, 16            6, 3, 17      6, 3, 5, 2, 18         6, 3, 5, 19               6, 20
                7, 1                7, 2          7, 2, 6, 3                7, 4             7, 1, 5             7, 2, 6                   7             7, 9, 8                7, 9               7, 10         7, 2, 6, 11            7, 1, 12            7, 1, 13            7, 1, 14               7, 15            7, 2, 16            7, 2, 17            7, 1, 18         7, 1, 5, 19            7, 1, 20
          8, 2, 7, 1                8, 2                8, 3                8, 4                8, 5                8, 6             8, 2, 7                   8                8, 9         8, 2, 7, 10            8, 6, 11               8, 12            8, 2, 13               8, 14            8, 4, 15            8, 2, 16            8, 2, 17               8, 18            8, 5, 19            8, 4, 20
             9, 7, 1                9, 2             9, 6, 3             9, 2, 4                9, 5                9, 6                9, 7                9, 8                   9               9, 10               9, 11         9, 7, 1, 12            9, 2, 13            9, 6, 14         9, 2, 4, 15            9, 2, 16            9, 2, 17            9, 2, 18               9, 19         9, 2, 4, 20
               10, 1         10, 1, 5, 2   10, 1, 5, 2, 6, 3               10, 4            10, 1, 5      10, 1, 5, 2, 6            10, 1, 7            10, 9, 8               10, 9                  10              10, 11              10, 12              10, 13              10, 14           10, 4, 15        10, 1, 5, 16              10, 17           10, 1, 18        10, 1, 5, 19              10, 20
            11, 7, 1         11, 4, 5, 2   11, 4, 5, 2, 6, 3               11, 4            11, 4, 5      11, 4, 5, 2, 6               11, 711, 4, 5, 2, 6, 9, 8   11, 4, 5, 2, 6, 9           11, 7, 10                  11        11, 7, 1, 12              11, 13  11, 4, 5, 2, 6, 14           11, 4, 15        11, 4, 5, 16              11, 17     11, 4, 5, 2, 18        11, 4, 5, 19           11, 4, 20
         12, 2, 7, 1               12, 2               12, 3               12, 4            12, 3, 5            12, 2, 6            12, 2, 7               12, 8         12, 2, 6, 9        12, 2, 7, 10        12, 2, 6, 11                  12           12, 2, 13        12, 2, 6, 14           12, 4, 15           12, 2, 16           12, 2, 17              12, 18        12, 3, 5, 19           12, 4, 20
         13, 5, 7, 1            13, 5, 2               13, 3            13, 5, 4               13, 5         13, 5, 2, 6            13, 5, 7   13, 5, 2, 6, 9, 8      13, 5, 2, 6, 9              13, 10              13, 11     13, 5, 7, 1, 12                  13     13, 5, 2, 6, 14        13, 5, 4, 15           13, 5, 16              13, 17        13, 5, 2, 18           13, 5, 19        13, 5, 4, 20
         14, 5, 7, 1            14, 5, 2      14, 5, 2, 6, 3            14, 5, 4               14, 5         14, 5, 2, 6            14, 5, 7               14, 8               14, 9              14, 10              14, 11     14, 5, 7, 1, 12              14, 13                  14        14, 5, 4, 15           14, 5, 16        14, 5, 2, 17              14, 18           14, 5, 19              14, 20
               15, 1         15, 1, 5, 2               15, 3         15, 1, 5, 4            15, 1, 5      15, 1, 5, 2, 6               15, 7               15, 8   15, 1, 5, 2, 6, 9           15, 7, 10  15, 1, 5, 2, 6, 11           15, 1, 12              15, 13           15, 1, 14                  15        15, 1, 5, 16           15, 3, 17           15, 1, 18        15, 1, 5, 19           15, 1, 20
         16, 2, 7, 1               16, 2         16, 2, 6, 3            16, 2, 4         16, 2, 4, 5            16, 2, 6            16, 2, 7      16, 2, 6, 9, 8         16, 2, 6, 9        16, 2, 7, 10              16, 11     16, 2, 7, 1, 12              16, 13        16, 2, 6, 14              16, 15                  16              16, 17           16, 2, 18     16, 2, 4, 5, 19        16, 2, 4, 20
         17, 2, 7, 1               17, 2               17, 3            17, 2, 4            17, 3, 5            17, 2, 6            17, 2, 7      17, 2, 6, 9, 8         17, 2, 6, 9        17, 2, 7, 10        17, 2, 6, 11     17, 2, 7, 1, 12           17, 2, 13        17, 2, 6, 14        17, 2, 4, 15           17, 2, 16                  17           17, 2, 18              17, 19              17, 20
         18, 9, 7, 1            18, 9, 2         18, 9, 6, 3         18, 9, 2, 4            18, 9, 5            18, 9, 6            18, 9, 7            18, 9, 8               18, 9           18, 9, 10              18, 11     18, 9, 7, 1, 12        18, 9, 2, 13              18, 14     18, 9, 2, 4, 15              18, 16        18, 9, 2, 17                  18              18, 19     18, 9, 2, 4, 20
      19, 8, 2, 7, 1            19, 8, 2            19, 8, 3            19, 8, 4            19, 8, 5            19, 8, 6         19, 8, 2, 7               19, 8               19, 9              19, 10        19, 8, 6, 11              19, 12              19, 13           19, 8, 14        19, 8, 4, 15              19, 16        19, 8, 2, 17           19, 8, 18                  19        19, 8, 4, 20
            20, 7, 1         20, 3, 5, 2               20, 3         20, 3, 5, 4            20, 3, 5               20, 6               20, 7            20, 9, 8               20, 9              20, 10           20, 6, 11              20, 12           20, 3, 13           20, 6, 14     20, 3, 5, 4, 15              20, 16           20, 3, 17     20, 3, 5, 2, 18        20, 3, 5, 19                  20
Following matrix shows the average distances, per edge, between every pair of vertices
                   0                 0.0                 0.0                 0.0                 0.0                 0.0                 0.0                 0.0                 0.0                 0.0                 0.0                 0.0                 0.0                 0.0                 0.0                 0.0                 0.0                 0.0                 0.0                 0.0
                 0.0                   0                 0.0                 0.0                 0.0                 0.0                 0.0                 0.0                 0.0                 0.0                 0.0                 0.0                 0.0                 0.0                 0.0                 0.0                 0.0                 0.0                 0.0                 0.0
                 0.0                 0.0                   0                 0.0                 0.0                 0.0                 0.0                 0.0                 0.0                 0.0                 0.0                 0.0                 0.0                 0.0                 0.0                 0.0                 0.0                 0.0                 0.0                 0.0
                 0.0                 0.0                 0.0                   0                 0.0                 0.0                 0.0                 0.0                 0.0                 0.0                 0.0                 0.0                 0.0                 0.0                 0.0                 0.0                 0.0                 0.0                 0.0                 0.0
                 0.0                 0.0                 0.0                 0.0                   0                 0.0                 0.0                 0.0                 0.0                 0.0                 0.0                 0.0                 0.0                 0.0                 0.0                 0.0                 0.0                 0.0                 0.0                 0.0
                 0.0                 0.0                 0.0                 0.0                 0.0                   0                 0.0                 0.0                 0.0                 0.0                 0.0                 0.0                 0.0                 0.0                 0.0                 0.0                 0.0                 0.0                 0.0                 0.0
                 0.0                 0.0                 0.0                 0.0                 0.0                 0.0                   0                 0.0                 0.0                 0.0                 0.0                 0.0                 0.0                 0.0                 0.0                 0.0                 0.0                 0.0                 0.0                 0.0
                 0.0                 0.0                 0.0                 0.0                 0.0                 0.0                 0.0                   0                 0.0                 0.0                 0.0                 0.0                 0.0                 0.0                 0.0                 0.0                 0.0                 0.0                 0.0                 0.0
                 0.0                 0.0                 0.0                 0.0                 0.0                 0.0                 0.0                 0.0                   0                 0.0                 0.0                 0.0                 0.0                 0.0                 0.0                 0.0                 0.0                 0.0                 0.0                 0.0
                 0.0                 0.0                 0.0                 0.0                 0.0                 0.0                 0.0                 0.0                 0.0                   0                 0.0                 0.0                 0.0                 0.0                 0.0                 0.0                 0.0                 0.0                 0.0                 0.0
                 0.0                 0.0                 0.0                 0.0                 0.0                 0.0                 0.0                 0.0                 0.0                 0.0                   0                 0.0                 0.0                 0.0                 0.0                 0.0                 0.0                 0.0                 0.0                 0.0
                 0.0                 0.0                 0.0                 0.0                 0.0                 0.0                 0.0                 0.0                 0.0                 0.0                 0.0                   0                 0.0                 0.0                 0.0                 0.0                 0.0                 0.0                 0.0                 0.0
                 0.0                 0.0                 0.0                 0.0                 0.0                 0.0                 0.0                 0.0                 0.0                 0.0                 0.0                 0.0                   0                 0.0                 0.0                 0.0                 0.0                 0.0                 0.0                 0.0
                 0.0                 0.0                 0.0                 0.0                 0.0                 0.0                 0.0                 0.0                 0.0                 0.0                 0.0                 0.0                 0.0                   0                 0.0                 0.0                 0.0                 0.0                 0.0                 0.0
                 0.0                 0.0                 0.0                 0.0                 0.0                 0.0                 0.0                 0.0                 0.0                 0.0                 0.0                 0.0                 0.0                 0.0                   0                 0.0                 0.0                 0.0                 0.0                 0.0
                 0.0                 0.0                 0.0                 0.0                 0.0                 0.0                 0.0                 0.0                 0.0                 0.0                 0.0                 0.0                 0.0                 0.0                 0.0                   0                 0.0                 0.0                 0.0                 0.0
                 0.0                 0.0                 0.0                 0.0                 0.0                 0.0                 0.0                 0.0                 0.0                 0.0                 0.0                 0.0                 0.0                 0.0                 0.0                 0.0                   0                 0.0                 0.0                 0.0
                 0.0                 0.0                 0.0                 0.0                 0.0                 0.0                 0.0                 0.0                 0.0                 0.0                 0.0                 0.0                 0.0                 0.0                 0.0                 0.0                 0.0                   0                 0.0                 0.0
                 0.0                 0.0                 0.0                 0.0                 0.0                 0.0                 0.0                 0.0                 0.0                 0.0                 0.0                 0.0                 0.0                 0.0                 0.0                 0.0                 0.0                 0.0                   0                 0.0
                 0.0                 0.0                 0.0                 0.0                 0.0                 0.0                 0.0                 0.0                 0.0                 0.0                 0.0                 0.0                 0.0                 0.0                 0.0                 0.0                 0.0                 0.0                 0.0                   0
Following matrix shows the shortest distances between every pair of vertices
0   0   0   0   0   0   0   0   0   0   0   0   0   0   0   0   0   0   0   0   
0   0   0   0   0   0   0   0   0   0   0   0   0   0   0   0   0   0   0   0   
0   0   0   0   0   0   0   0   0   0   0   0   0   0   0   0   0   0   0   0   
0   0   0   0   0   0   0   0   0   0   0   0   0   0   0   0   0   0   0   0   
0   0   0   0   0   0   0   0   0   0   0   0   0   0   0   0   0   0   0   0   
0   0   0   0   0   0   0   0   0   0   0   0   0   0   0   0   0   0   0   0   
0   0   0   0   0   0   0   0   0   0   0   0   0   0   0   0   0   0   0   0   
0   0   0   0   0   0   0   0   0   0   0   0   0   0   0   0   0   0   0   0   
0   0   0   0   0   0   0   0   0   0   0   0   0   0   0   0   0   0   0   0   
0   0   0   0   0   0   0   0   0   0   0   0   0   0   0   0   0   0   0   0   
0   0   0   0   0   0   0   0   0   0   0   0   0   0   0   0   0   0   0   0   
0   0   0   0   0   0   0   0   0   0   0   0   0   0   0   0   0   0   0   0   
0   0   0   0   0   0   0   0   0   0   0   0   0   0   0   0   0   0   0   0   
0   0   0   0   0   0   0   0   0   0   0   0   0   0   0   0   0   0   0   0   
0   0   0   0   0   0   0   0   0   0   0   0   0   0   0   0   0   0   0   0   
0   0   0   0   0   0   0   0   0   0   0   0   0   0   0   0   0   0   0   0   
0   0   0   0   0   0   0   0   0   0   0   0   0   0   0   0   0   0   0   0   
0   0   0   0   0   0   0   0   0   0   0   0   0   0   0   0   0   0   0   0   
0   0   0   0   0   0   0   0   0   0   0   0   0   0   0   0   0   0   0   0   
0   0   0   0   0   0   0   0   0   0   0   0   0   0   0   0   0   0   0   0   
Following matrix shows the shortest distances between every pair of vertices
0   0   0   0   0   0   0   0   0   0   0   0   0   0   0   0   0   0   0   0   
0   0   0   0   0   0   0   0   0   0   0   0   0   0   0   0   0   0   0   0   
0   0   0   0   0   0   0   0   0   0   0   0   0   0   0   0   0   0   0   0   
0   0   0   0   0   0   0   0   0   0   0   0   0   0   0   0   0   0   0   0   
0   0   0   0   0   0   0   0   0   0   0   0   0   0   0   0   0   0   0   0   
0   0   0   0   0   0   0   0   0   0   0   0   0   0   0   0   0   0   0   0   
0   0   0   0   0   0   0   0   0   0   0   0   0   0   0   0   0   0   0   0   
0   0   0   0   0   0   0   0   0   0   0   0   0   0   0   0   0   0   0   0   
0   0   0   0   0   0   0   0   0   0   0   0   0   0   0   0   0   0   0   0   
0   0   0   0   0   0   0   0   0   0   0   0   0   0   0   0   0   0   0   0   
0   0   0   0   0   0   0   0   0   0   0   0   0   0   0   0   0   0   0   0   
0   0   0   0   0   0   0   0   0   0   0   0   0   0   0   0   0   0   0   0   
0   0   0   0   0   0   0   0   0   0   0   0   0   0   0   0   0   0   0   0   
0   0   0   0   0   0   0   0   0   0   0   0   0   0   0   0   0   0   0   0   
0   0   0   0   0   0   0   0   0   0   0   0   0   0   0   0   0   0   0   0   
0   0   0   0   0   0   0   0   0   0   0   0   0   0   0   0   0   0   0   0   
0   0   0   0   0   0   0   0   0   0   0   0   0   0   0   0   0   0   0   0   
0   0   0   0   0   0   0   0   0   0   0   0   0   0   0   0   0   0   0   0   
0   0   0   0   0   0   0   0   0   0   0   0   0   0   0   0   0   0   0   0   
0   0   0   0   0   0   0   0   0   0   0   0   0   0   0   0   0   0   0   0   

Here is that sneakypath.
[1, 5]

The edge with the lowest number of other cars in the sneaky path is.
0

The edge with the highest number of other cars in the sneaky path is.
0

The average number of other cars on the sneaky path is.
0.0
